{
 "cells": [
  {
   "cell_type": "code",
   "execution_count": 1,
   "id": "294f715a",
   "metadata": {},
   "outputs": [],
   "source": [
    "#doing things with data\n",
    "import pandas as pd\n",
    "import numpy as np\n",
    "\n",
    "\n",
    "import matplotlib.pyplot as plt\n",
    "import seaborn as sns\n",
    "import env\n",
    "import wrangle as w"
   ]
  },
  {
   "cell_type": "code",
   "execution_count": 2,
   "id": "676dd93e",
   "metadata": {},
   "outputs": [
    {
     "name": "stdout",
     "output_type": "stream",
     "text": [
      "csv file found and loaded\n"
     ]
    },
    {
     "data": {
      "text/html": [
       "<div>\n",
       "<style scoped>\n",
       "    .dataframe tbody tr th:only-of-type {\n",
       "        vertical-align: middle;\n",
       "    }\n",
       "\n",
       "    .dataframe tbody tr th {\n",
       "        vertical-align: top;\n",
       "    }\n",
       "\n",
       "    .dataframe thead th {\n",
       "        text-align: right;\n",
       "    }\n",
       "</style>\n",
       "<table border=\"1\" class=\"dataframe\">\n",
       "  <thead>\n",
       "    <tr style=\"text-align: right;\">\n",
       "      <th></th>\n",
       "      <th>bedroomcnt</th>\n",
       "      <th>bathroomcnt</th>\n",
       "      <th>calculatedfinishedsquarefeet</th>\n",
       "      <th>taxvaluedollarcnt</th>\n",
       "      <th>yearbuilt</th>\n",
       "      <th>taxamount</th>\n",
       "      <th>fips</th>\n",
       "    </tr>\n",
       "  </thead>\n",
       "  <tbody>\n",
       "    <tr>\n",
       "      <th>0</th>\n",
       "      <td>0.0</td>\n",
       "      <td>0.0</td>\n",
       "      <td>NaN</td>\n",
       "      <td>27516.0</td>\n",
       "      <td>NaN</td>\n",
       "      <td>NaN</td>\n",
       "      <td>6037.0</td>\n",
       "    </tr>\n",
       "    <tr>\n",
       "      <th>1</th>\n",
       "      <td>0.0</td>\n",
       "      <td>0.0</td>\n",
       "      <td>NaN</td>\n",
       "      <td>10.0</td>\n",
       "      <td>NaN</td>\n",
       "      <td>NaN</td>\n",
       "      <td>6037.0</td>\n",
       "    </tr>\n",
       "    <tr>\n",
       "      <th>2</th>\n",
       "      <td>0.0</td>\n",
       "      <td>0.0</td>\n",
       "      <td>NaN</td>\n",
       "      <td>10.0</td>\n",
       "      <td>NaN</td>\n",
       "      <td>NaN</td>\n",
       "      <td>6037.0</td>\n",
       "    </tr>\n",
       "    <tr>\n",
       "      <th>3</th>\n",
       "      <td>0.0</td>\n",
       "      <td>0.0</td>\n",
       "      <td>NaN</td>\n",
       "      <td>2108.0</td>\n",
       "      <td>NaN</td>\n",
       "      <td>174.21</td>\n",
       "      <td>6037.0</td>\n",
       "    </tr>\n",
       "    <tr>\n",
       "      <th>4</th>\n",
       "      <td>4.0</td>\n",
       "      <td>2.0</td>\n",
       "      <td>3633.0</td>\n",
       "      <td>296425.0</td>\n",
       "      <td>2005.0</td>\n",
       "      <td>6941.39</td>\n",
       "      <td>6037.0</td>\n",
       "    </tr>\n",
       "    <tr>\n",
       "      <th>...</th>\n",
       "      <td>...</td>\n",
       "      <td>...</td>\n",
       "      <td>...</td>\n",
       "      <td>...</td>\n",
       "      <td>...</td>\n",
       "      <td>...</td>\n",
       "      <td>...</td>\n",
       "    </tr>\n",
       "    <tr>\n",
       "      <th>2152858</th>\n",
       "      <td>4.0</td>\n",
       "      <td>3.0</td>\n",
       "      <td>2262.0</td>\n",
       "      <td>960756.0</td>\n",
       "      <td>2015.0</td>\n",
       "      <td>13494.52</td>\n",
       "      <td>6059.0</td>\n",
       "    </tr>\n",
       "    <tr>\n",
       "      <th>2152859</th>\n",
       "      <td>4.0</td>\n",
       "      <td>4.5</td>\n",
       "      <td>3127.0</td>\n",
       "      <td>536061.0</td>\n",
       "      <td>2014.0</td>\n",
       "      <td>6244.16</td>\n",
       "      <td>6059.0</td>\n",
       "    </tr>\n",
       "    <tr>\n",
       "      <th>2152860</th>\n",
       "      <td>0.0</td>\n",
       "      <td>0.0</td>\n",
       "      <td>NaN</td>\n",
       "      <td>208057.0</td>\n",
       "      <td>NaN</td>\n",
       "      <td>5783.88</td>\n",
       "      <td>6059.0</td>\n",
       "    </tr>\n",
       "    <tr>\n",
       "      <th>2152861</th>\n",
       "      <td>3.0</td>\n",
       "      <td>2.5</td>\n",
       "      <td>1974.0</td>\n",
       "      <td>424353.0</td>\n",
       "      <td>2015.0</td>\n",
       "      <td>5302.70</td>\n",
       "      <td>6059.0</td>\n",
       "    </tr>\n",
       "    <tr>\n",
       "      <th>2152862</th>\n",
       "      <td>4.0</td>\n",
       "      <td>4.0</td>\n",
       "      <td>2110.0</td>\n",
       "      <td>554009.0</td>\n",
       "      <td>2014.0</td>\n",
       "      <td>6761.20</td>\n",
       "      <td>6037.0</td>\n",
       "    </tr>\n",
       "  </tbody>\n",
       "</table>\n",
       "<p>2152863 rows × 7 columns</p>\n",
       "</div>"
      ],
      "text/plain": [
       "         bedroomcnt  bathroomcnt  calculatedfinishedsquarefeet  \\\n",
       "0               0.0          0.0                           NaN   \n",
       "1               0.0          0.0                           NaN   \n",
       "2               0.0          0.0                           NaN   \n",
       "3               0.0          0.0                           NaN   \n",
       "4               4.0          2.0                        3633.0   \n",
       "...             ...          ...                           ...   \n",
       "2152858         4.0          3.0                        2262.0   \n",
       "2152859         4.0          4.5                        3127.0   \n",
       "2152860         0.0          0.0                           NaN   \n",
       "2152861         3.0          2.5                        1974.0   \n",
       "2152862         4.0          4.0                        2110.0   \n",
       "\n",
       "         taxvaluedollarcnt  yearbuilt  taxamount    fips  \n",
       "0                  27516.0        NaN        NaN  6037.0  \n",
       "1                     10.0        NaN        NaN  6037.0  \n",
       "2                     10.0        NaN        NaN  6037.0  \n",
       "3                   2108.0        NaN     174.21  6037.0  \n",
       "4                 296425.0     2005.0    6941.39  6037.0  \n",
       "...                    ...        ...        ...     ...  \n",
       "2152858           960756.0     2015.0   13494.52  6059.0  \n",
       "2152859           536061.0     2014.0    6244.16  6059.0  \n",
       "2152860           208057.0        NaN    5783.88  6059.0  \n",
       "2152861           424353.0     2015.0    5302.70  6059.0  \n",
       "2152862           554009.0     2014.0    6761.20  6037.0  \n",
       "\n",
       "[2152863 rows x 7 columns]"
      ]
     },
     "execution_count": 2,
     "metadata": {},
     "output_type": "execute_result"
    }
   ],
   "source": [
    "# get the data\n",
    "df = w.get_zillow()\n",
    "df"
   ]
  },
  {
   "cell_type": "code",
   "execution_count": 3,
   "id": "ae3cdc8d",
   "metadata": {},
   "outputs": [
    {
     "data": {
      "text/plain": [
       "bedroomcnt                      float64\n",
       "bathroomcnt                     float64\n",
       "calculatedfinishedsquarefeet    float64\n",
       "taxvaluedollarcnt               float64\n",
       "yearbuilt                       float64\n",
       "taxamount                       float64\n",
       "fips                            float64\n",
       "dtype: object"
      ]
     },
     "execution_count": 3,
     "metadata": {},
     "output_type": "execute_result"
    }
   ],
   "source": [
    "df.dtypes"
   ]
  },
  {
   "cell_type": "code",
   "execution_count": 4,
   "id": "7e6e3002",
   "metadata": {},
   "outputs": [
    {
     "name": "stdout",
     "output_type": "stream",
     "text": [
      "<class 'pandas.core.frame.DataFrame'>\n",
      "Int64Index: 2152863 entries, 0 to 2152862\n",
      "Data columns (total 7 columns):\n",
      " #   Column                        Dtype  \n",
      "---  ------                        -----  \n",
      " 0   bedroomcnt                    float64\n",
      " 1   bathroomcnt                   float64\n",
      " 2   calculatedfinishedsquarefeet  float64\n",
      " 3   taxvaluedollarcnt             float64\n",
      " 4   yearbuilt                     float64\n",
      " 5   taxamount                     float64\n",
      " 6   fips                          float64\n",
      "dtypes: float64(7)\n",
      "memory usage: 131.4 MB\n"
     ]
    }
   ],
   "source": [
    "df.info()"
   ]
  },
  {
   "cell_type": "code",
   "execution_count": 5,
   "id": "e11e1b64",
   "metadata": {},
   "outputs": [
    {
     "data": {
      "text/plain": [
       "(2152863, 7)"
      ]
     },
     "execution_count": 5,
     "metadata": {},
     "output_type": "execute_result"
    }
   ],
   "source": [
    "df.shape"
   ]
  },
  {
   "cell_type": "code",
   "execution_count": 6,
   "id": "10a8ea68",
   "metadata": {},
   "outputs": [
    {
     "data": {
      "text/html": [
       "<div>\n",
       "<style scoped>\n",
       "    .dataframe tbody tr th:only-of-type {\n",
       "        vertical-align: middle;\n",
       "    }\n",
       "\n",
       "    .dataframe tbody tr th {\n",
       "        vertical-align: top;\n",
       "    }\n",
       "\n",
       "    .dataframe thead th {\n",
       "        text-align: right;\n",
       "    }\n",
       "</style>\n",
       "<table border=\"1\" class=\"dataframe\">\n",
       "  <thead>\n",
       "    <tr style=\"text-align: right;\">\n",
       "      <th></th>\n",
       "      <th>rooms</th>\n",
       "      <th>bath</th>\n",
       "      <th>sqft</th>\n",
       "      <th>taxvalue</th>\n",
       "      <th>built</th>\n",
       "      <th>tax</th>\n",
       "      <th>fips</th>\n",
       "    </tr>\n",
       "  </thead>\n",
       "  <tbody>\n",
       "    <tr>\n",
       "      <th>0</th>\n",
       "      <td>0.0</td>\n",
       "      <td>0.0</td>\n",
       "      <td>NaN</td>\n",
       "      <td>27516.0</td>\n",
       "      <td>NaN</td>\n",
       "      <td>NaN</td>\n",
       "      <td>6037.0</td>\n",
       "    </tr>\n",
       "    <tr>\n",
       "      <th>1</th>\n",
       "      <td>0.0</td>\n",
       "      <td>0.0</td>\n",
       "      <td>NaN</td>\n",
       "      <td>10.0</td>\n",
       "      <td>NaN</td>\n",
       "      <td>NaN</td>\n",
       "      <td>6037.0</td>\n",
       "    </tr>\n",
       "    <tr>\n",
       "      <th>2</th>\n",
       "      <td>0.0</td>\n",
       "      <td>0.0</td>\n",
       "      <td>NaN</td>\n",
       "      <td>10.0</td>\n",
       "      <td>NaN</td>\n",
       "      <td>NaN</td>\n",
       "      <td>6037.0</td>\n",
       "    </tr>\n",
       "    <tr>\n",
       "      <th>3</th>\n",
       "      <td>0.0</td>\n",
       "      <td>0.0</td>\n",
       "      <td>NaN</td>\n",
       "      <td>2108.0</td>\n",
       "      <td>NaN</td>\n",
       "      <td>174.21</td>\n",
       "      <td>6037.0</td>\n",
       "    </tr>\n",
       "    <tr>\n",
       "      <th>4</th>\n",
       "      <td>4.0</td>\n",
       "      <td>2.0</td>\n",
       "      <td>3633.0</td>\n",
       "      <td>296425.0</td>\n",
       "      <td>2005.0</td>\n",
       "      <td>6941.39</td>\n",
       "      <td>6037.0</td>\n",
       "    </tr>\n",
       "    <tr>\n",
       "      <th>...</th>\n",
       "      <td>...</td>\n",
       "      <td>...</td>\n",
       "      <td>...</td>\n",
       "      <td>...</td>\n",
       "      <td>...</td>\n",
       "      <td>...</td>\n",
       "      <td>...</td>\n",
       "    </tr>\n",
       "    <tr>\n",
       "      <th>2152858</th>\n",
       "      <td>4.0</td>\n",
       "      <td>3.0</td>\n",
       "      <td>2262.0</td>\n",
       "      <td>960756.0</td>\n",
       "      <td>2015.0</td>\n",
       "      <td>13494.52</td>\n",
       "      <td>6059.0</td>\n",
       "    </tr>\n",
       "    <tr>\n",
       "      <th>2152859</th>\n",
       "      <td>4.0</td>\n",
       "      <td>4.5</td>\n",
       "      <td>3127.0</td>\n",
       "      <td>536061.0</td>\n",
       "      <td>2014.0</td>\n",
       "      <td>6244.16</td>\n",
       "      <td>6059.0</td>\n",
       "    </tr>\n",
       "    <tr>\n",
       "      <th>2152860</th>\n",
       "      <td>0.0</td>\n",
       "      <td>0.0</td>\n",
       "      <td>NaN</td>\n",
       "      <td>208057.0</td>\n",
       "      <td>NaN</td>\n",
       "      <td>5783.88</td>\n",
       "      <td>6059.0</td>\n",
       "    </tr>\n",
       "    <tr>\n",
       "      <th>2152861</th>\n",
       "      <td>3.0</td>\n",
       "      <td>2.5</td>\n",
       "      <td>1974.0</td>\n",
       "      <td>424353.0</td>\n",
       "      <td>2015.0</td>\n",
       "      <td>5302.70</td>\n",
       "      <td>6059.0</td>\n",
       "    </tr>\n",
       "    <tr>\n",
       "      <th>2152862</th>\n",
       "      <td>4.0</td>\n",
       "      <td>4.0</td>\n",
       "      <td>2110.0</td>\n",
       "      <td>554009.0</td>\n",
       "      <td>2014.0</td>\n",
       "      <td>6761.20</td>\n",
       "      <td>6037.0</td>\n",
       "    </tr>\n",
       "  </tbody>\n",
       "</table>\n",
       "<p>2152863 rows × 7 columns</p>\n",
       "</div>"
      ],
      "text/plain": [
       "         rooms  bath    sqft  taxvalue   built       tax    fips\n",
       "0          0.0   0.0     NaN   27516.0     NaN       NaN  6037.0\n",
       "1          0.0   0.0     NaN      10.0     NaN       NaN  6037.0\n",
       "2          0.0   0.0     NaN      10.0     NaN       NaN  6037.0\n",
       "3          0.0   0.0     NaN    2108.0     NaN    174.21  6037.0\n",
       "4          4.0   2.0  3633.0  296425.0  2005.0   6941.39  6037.0\n",
       "...        ...   ...     ...       ...     ...       ...     ...\n",
       "2152858    4.0   3.0  2262.0  960756.0  2015.0  13494.52  6059.0\n",
       "2152859    4.0   4.5  3127.0  536061.0  2014.0   6244.16  6059.0\n",
       "2152860    0.0   0.0     NaN  208057.0     NaN   5783.88  6059.0\n",
       "2152861    3.0   2.5  1974.0  424353.0  2015.0   5302.70  6059.0\n",
       "2152862    4.0   4.0  2110.0  554009.0  2014.0   6761.20  6037.0\n",
       "\n",
       "[2152863 rows x 7 columns]"
      ]
     },
     "execution_count": 6,
     "metadata": {},
     "output_type": "execute_result"
    }
   ],
   "source": [
    " df = df.rename(columns={'bedroomcnt': 'rooms'\n",
    "                         , 'bathroomcnt': 'bath'\n",
    "                         , 'calculatedfinishedsquarefeet': 'sqft'\n",
    "                         , 'taxvaluedollarcnt':'taxvalue'\n",
    "                         ,'yearbuilt': 'built'\n",
    "                         , 'taxamount':'tax'})\n",
    "df"
   ]
  },
  {
   "cell_type": "code",
   "execution_count": 7,
   "id": "6696b136",
   "metadata": {},
   "outputs": [
    {
     "data": {
      "text/plain": [
       "rooms         11\n",
       "bath          11\n",
       "sqft        8484\n",
       "taxvalue     493\n",
       "built       9337\n",
       "tax         4442\n",
       "fips           0\n",
       "dtype: int64"
      ]
     },
     "execution_count": 7,
     "metadata": {},
     "output_type": "execute_result"
    }
   ],
   "source": [
    "df.isnull().sum()"
   ]
  },
  {
   "cell_type": "code",
   "execution_count": 8,
   "id": "bdf89e3e",
   "metadata": {},
   "outputs": [
    {
     "data": {
      "text/html": [
       "<div>\n",
       "<style scoped>\n",
       "    .dataframe tbody tr th:only-of-type {\n",
       "        vertical-align: middle;\n",
       "    }\n",
       "\n",
       "    .dataframe tbody tr th {\n",
       "        vertical-align: top;\n",
       "    }\n",
       "\n",
       "    .dataframe thead th {\n",
       "        text-align: right;\n",
       "    }\n",
       "</style>\n",
       "<table border=\"1\" class=\"dataframe\">\n",
       "  <thead>\n",
       "    <tr style=\"text-align: right;\">\n",
       "      <th></th>\n",
       "      <th>rooms</th>\n",
       "      <th>bath</th>\n",
       "      <th>sqft</th>\n",
       "      <th>taxvalue</th>\n",
       "      <th>built</th>\n",
       "      <th>tax</th>\n",
       "      <th>fips</th>\n",
       "    </tr>\n",
       "  </thead>\n",
       "  <tbody>\n",
       "    <tr>\n",
       "      <th>4</th>\n",
       "      <td>4.0</td>\n",
       "      <td>2.0</td>\n",
       "      <td>3633.0</td>\n",
       "      <td>296425.0</td>\n",
       "      <td>2005.0</td>\n",
       "      <td>6941.39</td>\n",
       "      <td>6037.0</td>\n",
       "    </tr>\n",
       "    <tr>\n",
       "      <th>6</th>\n",
       "      <td>3.0</td>\n",
       "      <td>4.0</td>\n",
       "      <td>1620.0</td>\n",
       "      <td>847770.0</td>\n",
       "      <td>2011.0</td>\n",
       "      <td>10244.94</td>\n",
       "      <td>6037.0</td>\n",
       "    </tr>\n",
       "    <tr>\n",
       "      <th>7</th>\n",
       "      <td>3.0</td>\n",
       "      <td>2.0</td>\n",
       "      <td>2077.0</td>\n",
       "      <td>646760.0</td>\n",
       "      <td>1926.0</td>\n",
       "      <td>7924.68</td>\n",
       "      <td>6037.0</td>\n",
       "    </tr>\n",
       "    <tr>\n",
       "      <th>11</th>\n",
       "      <td>0.0</td>\n",
       "      <td>0.0</td>\n",
       "      <td>1200.0</td>\n",
       "      <td>5328.0</td>\n",
       "      <td>1972.0</td>\n",
       "      <td>91.60</td>\n",
       "      <td>6037.0</td>\n",
       "    </tr>\n",
       "    <tr>\n",
       "      <th>14</th>\n",
       "      <td>0.0</td>\n",
       "      <td>0.0</td>\n",
       "      <td>171.0</td>\n",
       "      <td>6920.0</td>\n",
       "      <td>1973.0</td>\n",
       "      <td>255.17</td>\n",
       "      <td>6037.0</td>\n",
       "    </tr>\n",
       "    <tr>\n",
       "      <th>...</th>\n",
       "      <td>...</td>\n",
       "      <td>...</td>\n",
       "      <td>...</td>\n",
       "      <td>...</td>\n",
       "      <td>...</td>\n",
       "      <td>...</td>\n",
       "      <td>...</td>\n",
       "    </tr>\n",
       "    <tr>\n",
       "      <th>2152856</th>\n",
       "      <td>4.0</td>\n",
       "      <td>4.0</td>\n",
       "      <td>4375.0</td>\n",
       "      <td>422400.0</td>\n",
       "      <td>2015.0</td>\n",
       "      <td>13877.56</td>\n",
       "      <td>6037.0</td>\n",
       "    </tr>\n",
       "    <tr>\n",
       "      <th>2152858</th>\n",
       "      <td>4.0</td>\n",
       "      <td>3.0</td>\n",
       "      <td>2262.0</td>\n",
       "      <td>960756.0</td>\n",
       "      <td>2015.0</td>\n",
       "      <td>13494.52</td>\n",
       "      <td>6059.0</td>\n",
       "    </tr>\n",
       "    <tr>\n",
       "      <th>2152859</th>\n",
       "      <td>4.0</td>\n",
       "      <td>4.5</td>\n",
       "      <td>3127.0</td>\n",
       "      <td>536061.0</td>\n",
       "      <td>2014.0</td>\n",
       "      <td>6244.16</td>\n",
       "      <td>6059.0</td>\n",
       "    </tr>\n",
       "    <tr>\n",
       "      <th>2152861</th>\n",
       "      <td>3.0</td>\n",
       "      <td>2.5</td>\n",
       "      <td>1974.0</td>\n",
       "      <td>424353.0</td>\n",
       "      <td>2015.0</td>\n",
       "      <td>5302.70</td>\n",
       "      <td>6059.0</td>\n",
       "    </tr>\n",
       "    <tr>\n",
       "      <th>2152862</th>\n",
       "      <td>4.0</td>\n",
       "      <td>4.0</td>\n",
       "      <td>2110.0</td>\n",
       "      <td>554009.0</td>\n",
       "      <td>2014.0</td>\n",
       "      <td>6761.20</td>\n",
       "      <td>6037.0</td>\n",
       "    </tr>\n",
       "  </tbody>\n",
       "</table>\n",
       "<p>2140235 rows × 7 columns</p>\n",
       "</div>"
      ],
      "text/plain": [
       "         rooms  bath    sqft  taxvalue   built       tax    fips\n",
       "4          4.0   2.0  3633.0  296425.0  2005.0   6941.39  6037.0\n",
       "6          3.0   4.0  1620.0  847770.0  2011.0  10244.94  6037.0\n",
       "7          3.0   2.0  2077.0  646760.0  1926.0   7924.68  6037.0\n",
       "11         0.0   0.0  1200.0    5328.0  1972.0     91.60  6037.0\n",
       "14         0.0   0.0   171.0    6920.0  1973.0    255.17  6037.0\n",
       "...        ...   ...     ...       ...     ...       ...     ...\n",
       "2152856    4.0   4.0  4375.0  422400.0  2015.0  13877.56  6037.0\n",
       "2152858    4.0   3.0  2262.0  960756.0  2015.0  13494.52  6059.0\n",
       "2152859    4.0   4.5  3127.0  536061.0  2014.0   6244.16  6059.0\n",
       "2152861    3.0   2.5  1974.0  424353.0  2015.0   5302.70  6059.0\n",
       "2152862    4.0   4.0  2110.0  554009.0  2014.0   6761.20  6037.0\n",
       "\n",
       "[2140235 rows x 7 columns]"
      ]
     },
     "execution_count": 8,
     "metadata": {},
     "output_type": "execute_result"
    }
   ],
   "source": [
    "# I've decided to drop all nulls, there are over 2 million listings and dropping a few thousand will not dramatically affect the outcome of our study\n",
    "#drop all my nulls in the df\n",
    "df = df.dropna()\n",
    "df"
   ]
  },
  {
   "cell_type": "code",
   "execution_count": 9,
   "id": "6dc56b20",
   "metadata": {},
   "outputs": [
    {
     "data": {
      "text/plain": [
       "rooms       0\n",
       "bath        0\n",
       "sqft        0\n",
       "taxvalue    0\n",
       "built       0\n",
       "tax         0\n",
       "fips        0\n",
       "dtype: int64"
      ]
     },
     "execution_count": 9,
     "metadata": {},
     "output_type": "execute_result"
    }
   ],
   "source": [
    "df.isnull().sum()"
   ]
  },
  {
   "cell_type": "code",
   "execution_count": 10,
   "id": "f04ce814",
   "metadata": {
    "scrolled": true
   },
   "outputs": [
    {
     "data": {
      "text/html": [
       "<div>\n",
       "<style scoped>\n",
       "    .dataframe tbody tr th:only-of-type {\n",
       "        vertical-align: middle;\n",
       "    }\n",
       "\n",
       "    .dataframe tbody tr th {\n",
       "        vertical-align: top;\n",
       "    }\n",
       "\n",
       "    .dataframe thead th {\n",
       "        text-align: right;\n",
       "    }\n",
       "</style>\n",
       "<table border=\"1\" class=\"dataframe\">\n",
       "  <thead>\n",
       "    <tr style=\"text-align: right;\">\n",
       "      <th></th>\n",
       "      <th>taxvalue</th>\n",
       "      <th>rooms</th>\n",
       "      <th>bath</th>\n",
       "      <th>sqft</th>\n",
       "      <th>built</th>\n",
       "      <th>tax</th>\n",
       "      <th>fips</th>\n",
       "    </tr>\n",
       "  </thead>\n",
       "  <tbody>\n",
       "    <tr>\n",
       "      <th>4</th>\n",
       "      <td>296425.0</td>\n",
       "      <td>4.0</td>\n",
       "      <td>2.0</td>\n",
       "      <td>3633.0</td>\n",
       "      <td>2005.0</td>\n",
       "      <td>6941.39</td>\n",
       "      <td>6037.0</td>\n",
       "    </tr>\n",
       "    <tr>\n",
       "      <th>6</th>\n",
       "      <td>847770.0</td>\n",
       "      <td>3.0</td>\n",
       "      <td>4.0</td>\n",
       "      <td>1620.0</td>\n",
       "      <td>2011.0</td>\n",
       "      <td>10244.94</td>\n",
       "      <td>6037.0</td>\n",
       "    </tr>\n",
       "    <tr>\n",
       "      <th>7</th>\n",
       "      <td>646760.0</td>\n",
       "      <td>3.0</td>\n",
       "      <td>2.0</td>\n",
       "      <td>2077.0</td>\n",
       "      <td>1926.0</td>\n",
       "      <td>7924.68</td>\n",
       "      <td>6037.0</td>\n",
       "    </tr>\n",
       "    <tr>\n",
       "      <th>11</th>\n",
       "      <td>5328.0</td>\n",
       "      <td>0.0</td>\n",
       "      <td>0.0</td>\n",
       "      <td>1200.0</td>\n",
       "      <td>1972.0</td>\n",
       "      <td>91.60</td>\n",
       "      <td>6037.0</td>\n",
       "    </tr>\n",
       "    <tr>\n",
       "      <th>14</th>\n",
       "      <td>6920.0</td>\n",
       "      <td>0.0</td>\n",
       "      <td>0.0</td>\n",
       "      <td>171.0</td>\n",
       "      <td>1973.0</td>\n",
       "      <td>255.17</td>\n",
       "      <td>6037.0</td>\n",
       "    </tr>\n",
       "    <tr>\n",
       "      <th>...</th>\n",
       "      <td>...</td>\n",
       "      <td>...</td>\n",
       "      <td>...</td>\n",
       "      <td>...</td>\n",
       "      <td>...</td>\n",
       "      <td>...</td>\n",
       "      <td>...</td>\n",
       "    </tr>\n",
       "    <tr>\n",
       "      <th>2152856</th>\n",
       "      <td>422400.0</td>\n",
       "      <td>4.0</td>\n",
       "      <td>4.0</td>\n",
       "      <td>4375.0</td>\n",
       "      <td>2015.0</td>\n",
       "      <td>13877.56</td>\n",
       "      <td>6037.0</td>\n",
       "    </tr>\n",
       "    <tr>\n",
       "      <th>2152858</th>\n",
       "      <td>960756.0</td>\n",
       "      <td>4.0</td>\n",
       "      <td>3.0</td>\n",
       "      <td>2262.0</td>\n",
       "      <td>2015.0</td>\n",
       "      <td>13494.52</td>\n",
       "      <td>6059.0</td>\n",
       "    </tr>\n",
       "    <tr>\n",
       "      <th>2152859</th>\n",
       "      <td>536061.0</td>\n",
       "      <td>4.0</td>\n",
       "      <td>4.5</td>\n",
       "      <td>3127.0</td>\n",
       "      <td>2014.0</td>\n",
       "      <td>6244.16</td>\n",
       "      <td>6059.0</td>\n",
       "    </tr>\n",
       "    <tr>\n",
       "      <th>2152861</th>\n",
       "      <td>424353.0</td>\n",
       "      <td>3.0</td>\n",
       "      <td>2.5</td>\n",
       "      <td>1974.0</td>\n",
       "      <td>2015.0</td>\n",
       "      <td>5302.70</td>\n",
       "      <td>6059.0</td>\n",
       "    </tr>\n",
       "    <tr>\n",
       "      <th>2152862</th>\n",
       "      <td>554009.0</td>\n",
       "      <td>4.0</td>\n",
       "      <td>4.0</td>\n",
       "      <td>2110.0</td>\n",
       "      <td>2014.0</td>\n",
       "      <td>6761.20</td>\n",
       "      <td>6037.0</td>\n",
       "    </tr>\n",
       "  </tbody>\n",
       "</table>\n",
       "<p>2140235 rows × 7 columns</p>\n",
       "</div>"
      ],
      "text/plain": [
       "         taxvalue  rooms  bath    sqft   built       tax    fips\n",
       "4        296425.0    4.0   2.0  3633.0  2005.0   6941.39  6037.0\n",
       "6        847770.0    3.0   4.0  1620.0  2011.0  10244.94  6037.0\n",
       "7        646760.0    3.0   2.0  2077.0  1926.0   7924.68  6037.0\n",
       "11         5328.0    0.0   0.0  1200.0  1972.0     91.60  6037.0\n",
       "14         6920.0    0.0   0.0   171.0  1973.0    255.17  6037.0\n",
       "...           ...    ...   ...     ...     ...       ...     ...\n",
       "2152856  422400.0    4.0   4.0  4375.0  2015.0  13877.56  6037.0\n",
       "2152858  960756.0    4.0   3.0  2262.0  2015.0  13494.52  6059.0\n",
       "2152859  536061.0    4.0   4.5  3127.0  2014.0   6244.16  6059.0\n",
       "2152861  424353.0    3.0   2.5  1974.0  2015.0   5302.70  6059.0\n",
       "2152862  554009.0    4.0   4.0  2110.0  2014.0   6761.20  6037.0\n",
       "\n",
       "[2140235 rows x 7 columns]"
      ]
     },
     "execution_count": 10,
     "metadata": {},
     "output_type": "execute_result"
    }
   ],
   "source": [
    "#move my target variable taxvalue to the 1st column in the dataframe\n",
    "column_to_move = df.pop(\"taxvalue\")\n",
    "df.insert(0, \"taxvalue\", column_to_move)\n",
    "df"
   ]
  },
  {
   "cell_type": "markdown",
   "id": "20597d30",
   "metadata": {},
   "source": [
    "# univariate visualization"
   ]
  },
  {
   "cell_type": "code",
   "execution_count": 11,
   "id": "02bfdd08",
   "metadata": {
    "scrolled": true
   },
   "outputs": [
    {
     "data": {
      "text/plain": [
       "450000.0    820\n",
       "500000.0    774\n",
       "400000.0    723\n",
       "430000.0    690\n",
       "440000.0    683\n",
       "           ... \n",
       "729523.0      1\n",
       "940139.0      1\n",
       "545367.0      1\n",
       "38804.0       1\n",
       "536061.0      1\n",
       "Name: taxvalue, Length: 588178, dtype: int64"
      ]
     },
     "execution_count": 11,
     "metadata": {},
     "output_type": "execute_result"
    }
   ],
   "source": [
    "df.taxvalue.value_counts()"
   ]
  },
  {
   "cell_type": "markdown",
   "id": "a8e308ea",
   "metadata": {},
   "source": [
    "# taxvalue visualization/outlier remedy"
   ]
  },
  {
   "cell_type": "code",
   "execution_count": 12,
   "id": "458ff92d",
   "metadata": {},
   "outputs": [
    {
     "data": {
      "text/plain": [
       "count    2.140235e+06\n",
       "mean     4.606416e+05\n",
       "std      6.771576e+05\n",
       "min      2.200000e+01\n",
       "25%      1.891660e+05\n",
       "50%      3.282960e+05\n",
       "75%      5.346060e+05\n",
       "max      9.018846e+07\n",
       "Name: taxvalue, dtype: float64"
      ]
     },
     "execution_count": 12,
     "metadata": {},
     "output_type": "execute_result"
    }
   ],
   "source": [
    "df.taxvalue.describe()"
   ]
  },
  {
   "cell_type": "code",
   "execution_count": 13,
   "id": "95784da2",
   "metadata": {
    "scrolled": true
   },
   "outputs": [
    {
     "data": {
      "text/html": [
       "<div>\n",
       "<style scoped>\n",
       "    .dataframe tbody tr th:only-of-type {\n",
       "        vertical-align: middle;\n",
       "    }\n",
       "\n",
       "    .dataframe tbody tr th {\n",
       "        vertical-align: top;\n",
       "    }\n",
       "\n",
       "    .dataframe thead th {\n",
       "        text-align: right;\n",
       "    }\n",
       "</style>\n",
       "<table border=\"1\" class=\"dataframe\">\n",
       "  <thead>\n",
       "    <tr style=\"text-align: right;\">\n",
       "      <th></th>\n",
       "      <th>taxvalue</th>\n",
       "      <th>rooms</th>\n",
       "      <th>bath</th>\n",
       "      <th>sqft</th>\n",
       "      <th>built</th>\n",
       "      <th>tax</th>\n",
       "      <th>fips</th>\n",
       "    </tr>\n",
       "  </thead>\n",
       "  <tbody>\n",
       "    <tr>\n",
       "      <th>4</th>\n",
       "      <td>296425.0</td>\n",
       "      <td>4.0</td>\n",
       "      <td>2.0</td>\n",
       "      <td>3633.0</td>\n",
       "      <td>2005.0</td>\n",
       "      <td>6941.39</td>\n",
       "      <td>6037.0</td>\n",
       "    </tr>\n",
       "    <tr>\n",
       "      <th>6</th>\n",
       "      <td>847770.0</td>\n",
       "      <td>3.0</td>\n",
       "      <td>4.0</td>\n",
       "      <td>1620.0</td>\n",
       "      <td>2011.0</td>\n",
       "      <td>10244.94</td>\n",
       "      <td>6037.0</td>\n",
       "    </tr>\n",
       "    <tr>\n",
       "      <th>7</th>\n",
       "      <td>646760.0</td>\n",
       "      <td>3.0</td>\n",
       "      <td>2.0</td>\n",
       "      <td>2077.0</td>\n",
       "      <td>1926.0</td>\n",
       "      <td>7924.68</td>\n",
       "      <td>6037.0</td>\n",
       "    </tr>\n",
       "    <tr>\n",
       "      <th>11</th>\n",
       "      <td>5328.0</td>\n",
       "      <td>0.0</td>\n",
       "      <td>0.0</td>\n",
       "      <td>1200.0</td>\n",
       "      <td>1972.0</td>\n",
       "      <td>91.60</td>\n",
       "      <td>6037.0</td>\n",
       "    </tr>\n",
       "    <tr>\n",
       "      <th>14</th>\n",
       "      <td>6920.0</td>\n",
       "      <td>0.0</td>\n",
       "      <td>0.0</td>\n",
       "      <td>171.0</td>\n",
       "      <td>1973.0</td>\n",
       "      <td>255.17</td>\n",
       "      <td>6037.0</td>\n",
       "    </tr>\n",
       "    <tr>\n",
       "      <th>...</th>\n",
       "      <td>...</td>\n",
       "      <td>...</td>\n",
       "      <td>...</td>\n",
       "      <td>...</td>\n",
       "      <td>...</td>\n",
       "      <td>...</td>\n",
       "      <td>...</td>\n",
       "    </tr>\n",
       "    <tr>\n",
       "      <th>2152856</th>\n",
       "      <td>422400.0</td>\n",
       "      <td>4.0</td>\n",
       "      <td>4.0</td>\n",
       "      <td>4375.0</td>\n",
       "      <td>2015.0</td>\n",
       "      <td>13877.56</td>\n",
       "      <td>6037.0</td>\n",
       "    </tr>\n",
       "    <tr>\n",
       "      <th>2152858</th>\n",
       "      <td>960756.0</td>\n",
       "      <td>4.0</td>\n",
       "      <td>3.0</td>\n",
       "      <td>2262.0</td>\n",
       "      <td>2015.0</td>\n",
       "      <td>13494.52</td>\n",
       "      <td>6059.0</td>\n",
       "    </tr>\n",
       "    <tr>\n",
       "      <th>2152859</th>\n",
       "      <td>536061.0</td>\n",
       "      <td>4.0</td>\n",
       "      <td>4.5</td>\n",
       "      <td>3127.0</td>\n",
       "      <td>2014.0</td>\n",
       "      <td>6244.16</td>\n",
       "      <td>6059.0</td>\n",
       "    </tr>\n",
       "    <tr>\n",
       "      <th>2152861</th>\n",
       "      <td>424353.0</td>\n",
       "      <td>3.0</td>\n",
       "      <td>2.5</td>\n",
       "      <td>1974.0</td>\n",
       "      <td>2015.0</td>\n",
       "      <td>5302.70</td>\n",
       "      <td>6059.0</td>\n",
       "    </tr>\n",
       "    <tr>\n",
       "      <th>2152862</th>\n",
       "      <td>554009.0</td>\n",
       "      <td>4.0</td>\n",
       "      <td>4.0</td>\n",
       "      <td>2110.0</td>\n",
       "      <td>2014.0</td>\n",
       "      <td>6761.20</td>\n",
       "      <td>6037.0</td>\n",
       "    </tr>\n",
       "  </tbody>\n",
       "</table>\n",
       "<p>2101226 rows × 7 columns</p>\n",
       "</div>"
      ],
      "text/plain": [
       "         taxvalue  rooms  bath    sqft   built       tax    fips\n",
       "4        296425.0    4.0   2.0  3633.0  2005.0   6941.39  6037.0\n",
       "6        847770.0    3.0   4.0  1620.0  2011.0  10244.94  6037.0\n",
       "7        646760.0    3.0   2.0  2077.0  1926.0   7924.68  6037.0\n",
       "11         5328.0    0.0   0.0  1200.0  1972.0     91.60  6037.0\n",
       "14         6920.0    0.0   0.0   171.0  1973.0    255.17  6037.0\n",
       "...           ...    ...   ...     ...     ...       ...     ...\n",
       "2152856  422400.0    4.0   4.0  4375.0  2015.0  13877.56  6037.0\n",
       "2152858  960756.0    4.0   3.0  2262.0  2015.0  13494.52  6059.0\n",
       "2152859  536061.0    4.0   4.5  3127.0  2014.0   6244.16  6059.0\n",
       "2152861  424353.0    3.0   2.5  1974.0  2015.0   5302.70  6059.0\n",
       "2152862  554009.0    4.0   4.0  2110.0  2014.0   6761.20  6037.0\n",
       "\n",
       "[2101226 rows x 7 columns]"
      ]
     },
     "execution_count": 13,
     "metadata": {},
     "output_type": "execute_result"
    }
   ],
   "source": [
    "# addressed outliers in tax value, deleted everything over 2 million \n",
    "df = df[df.taxvalue <= 2000000]\n",
    "df"
   ]
  },
  {
   "cell_type": "code",
   "execution_count": 14,
   "id": "43b80a13",
   "metadata": {},
   "outputs": [
    {
     "data": {
      "text/plain": [
       "count    2.101226e+06\n",
       "mean     4.003087e+05\n",
       "std      3.160778e+05\n",
       "min      2.200000e+01\n",
       "25%      1.863940e+05\n",
       "50%      3.229225e+05\n",
       "75%      5.180000e+05\n",
       "max      2.000000e+06\n",
       "Name: taxvalue, dtype: float64"
      ]
     },
     "execution_count": 14,
     "metadata": {},
     "output_type": "execute_result"
    }
   ],
   "source": [
    "df.taxvalue.describe()"
   ]
  },
  {
   "cell_type": "code",
   "execution_count": 15,
   "id": "629efa2c",
   "metadata": {},
   "outputs": [
    {
     "data": {
